# DetSpace [F-lamb],  MS w/o Corr [uK^-2 s^-1],  MS w/ Corr [uK^-2 s^-1]
0.00000    0.00000    0.00000    0.00000    0.00000   
0.05000    0.00646    0.01797    0.00022    0.00276   
0.10000    0.02097    0.03644    0.00239    0.01078   
0.15000    0.03585    0.04481    0.00703    0.01625   
0.20000    0.04749    0.04846    0.01305    0.02018   
0.25000    0.05558    0.05004    0.01866    0.02273   
0.30000    0.06086    0.05061    0.02323    0.02440   
0.35000    0.06412    0.05060    0.02784    0.02638   
0.40000    0.06594    0.05022    0.03225    0.02842   
0.45000    0.06673    0.04961    0.03482    0.02927   
0.50000    0.06677    0.04881    0.03860    0.03115   
0.55000    0.06628    0.04789    0.04215    0.03294   
0.60000    0.06538    0.04686    0.04513    0.03442   
0.65000    0.06418    0.04576    0.04679    0.03510   
0.70000    0.06276    0.04460    0.04776    0.03541   
0.75000    0.06118    0.04340    0.04804    0.03533   
0.80000    0.05948    0.04216    0.04821    0.03522   
0.85000    0.05770    0.04091    0.04812    0.03499   
0.90000    0.05586    0.03965    0.04804    0.03479   
0.95000    0.05400    0.03839    0.04800    0.03464   
1.00000    0.05213    0.03713    0.04785    0.03445   
1.05000    0.05027    0.03589    0.04750    0.03414   
1.10000    0.04843    0.03466    0.04684    0.03366   
1.15000    0.04661    0.03345    0.04566    0.03284   
1.20000    0.04484    0.03227    0.04441    0.03200   
1.25000    0.04310    0.03111    0.04282    0.03093   
1.30000    0.04142    0.02999    0.04102    0.02973   
1.35000    0.03978    0.02889    0.03908    0.02843   
1.40000    0.03820    0.02783    0.03717    0.02714   
1.45000    0.03667    0.02680    0.03537    0.02593   
1.50000    0.03520    0.02580    0.03375    0.02482   
1.55000    0.03378    0.02484    0.03223    0.02378   
1.60000    0.03242    0.02391    0.03086    0.02284   
1.65000    0.03112    0.02302    0.02963    0.02199   
1.70000    0.02987    0.02216    0.02847    0.02119   
1.75000    0.02867    0.02133    0.02743    0.02046   
1.80000    0.02752    0.02053    0.02645    0.01978   
1.85000    0.02642    0.01977    0.02551    0.01912   
1.90000    0.02538    0.01903    0.02464    0.01851   
1.95000    0.02437    0.01833    0.02380    0.01792   
2.00000    0.02342    0.01765    0.02308    0.01741   
2.05000    0.02250    0.01701    0.02226    0.01683   
2.10000    0.02163    0.01638    0.02146    0.01626   
2.15000    0.02080    0.01579    0.02067    0.01570   
2.20000    0.02001    0.01522    0.01992    0.01515   
2.25000    0.01925    0.01467    0.01918    0.01462   
2.30000    0.01853    0.01415    0.01847    0.01411   
2.35000    0.01784    0.01365    0.01779    0.01361   
2.40000    0.01718    0.01317    0.01712    0.01312   
2.45000    0.01656    0.01271    0.01648    0.01266   
2.50000    0.01596    0.01228    0.01586    0.01220   
2.55000    0.01539    0.01186    0.01529    0.01178   
2.60000    0.01485    0.01145    0.01472    0.01136   
2.65000    0.01433    0.01107    0.01418    0.01096   
2.70000    0.01383    0.01070    0.01367    0.01057   
2.75000    0.01336    0.01035    0.01319    0.01022   
2.80000    0.01291    0.01001    0.01274    0.00988   
2.85000    0.01248    0.00969    0.01233    0.00957   
2.90000    0.01207    0.00938    0.01193    0.00927   
2.95000    0.01168    0.00908    0.01156    0.00899   
3.00000    0.01131    0.00880    0.01121    0.00872   
