# DetSpace [F-lamb],  MS w/o Corr [uK^-2 s^-1],  MS w/ Corr [uK^-2 s^-1]
0.00000    0.00000    0.00000    0.00000    0.00000   
0.05000    0.00867    0.02413    0.00030    0.00371   
0.10000    0.02817    0.04893    0.00320    0.01448   
0.15000    0.04814    0.06017    0.00944    0.02182   
0.20000    0.06377    0.06507    0.01753    0.02710   
0.25000    0.07463    0.06720    0.02506    0.03052   
0.30000    0.08173    0.06796    0.03120    0.03276   
0.35000    0.08610    0.06794    0.03738    0.03543   
0.40000    0.08854    0.06744    0.04331    0.03816   
0.45000    0.08960    0.06662    0.04676    0.03931   
0.50000    0.08967    0.06555    0.05183    0.04183   
0.55000    0.08900    0.06431    0.05660    0.04424   
0.60000    0.08780    0.06293    0.06060    0.04622   
0.65000    0.08619    0.06145    0.06283    0.04714   
0.70000    0.08428    0.05989    0.06414    0.04755   
0.75000    0.08215    0.05828    0.06451    0.04744   
0.80000    0.07987    0.05662    0.06474    0.04730   
0.85000    0.07748    0.05494    0.06461    0.04698   
0.90000    0.07501    0.05324    0.06450    0.04672   
0.95000    0.07251    0.05155    0.06445    0.04652   
1.00000    0.07000    0.04986    0.06425    0.04626   
1.05000    0.06750    0.04819    0.06378    0.04585   
1.10000    0.06503    0.04654    0.06291    0.04519   
1.15000    0.06259    0.04492    0.06131    0.04410   
1.20000    0.06021    0.04333    0.05964    0.04296   
1.25000    0.05788    0.04178    0.05750    0.04153   
1.30000    0.05562    0.04027    0.05509    0.03992   
1.35000    0.05342    0.03880    0.05248    0.03817   
1.40000    0.05130    0.03737    0.04992    0.03645   
1.45000    0.04924    0.03599    0.04750    0.03482   
1.50000    0.04727    0.03465    0.04532    0.03333   
1.55000    0.04537    0.03336    0.04328    0.03193   
1.60000    0.04354    0.03211    0.04144    0.03067   
1.65000    0.04179    0.03091    0.03979    0.02953   
1.70000    0.04011    0.02975    0.03823    0.02845   
1.75000    0.03850    0.02864    0.03683    0.02748   
1.80000    0.03696    0.02757    0.03552    0.02656   
1.85000    0.03548    0.02654    0.03426    0.02568   
1.90000    0.03407    0.02556    0.03309    0.02485   
1.95000    0.03273    0.02461    0.03196    0.02406   
2.00000    0.03144    0.02371    0.03099    0.02338   
2.05000    0.03022    0.02284    0.02990    0.02260   
2.10000    0.02905    0.02200    0.02881    0.02183   
2.15000    0.02793    0.02120    0.02776    0.02108   
2.20000    0.02686    0.02044    0.02674    0.02035   
2.25000    0.02585    0.01971    0.02575    0.01964   
2.30000    0.02488    0.01900    0.02480    0.01895   
2.35000    0.02395    0.01833    0.02389    0.01828   
2.40000    0.02307    0.01769    0.02299    0.01762   
2.45000    0.02223    0.01707    0.02213    0.01700   
2.50000    0.02143    0.01648    0.02130    0.01639   
2.55000    0.02067    0.01592    0.02054    0.01582   
2.60000    0.01994    0.01538    0.01977    0.01526   
2.65000    0.01924    0.01486    0.01904    0.01471   
2.70000    0.01858    0.01437    0.01836    0.01420   
2.75000    0.01794    0.01390    0.01771    0.01372   
2.80000    0.01734    0.01344    0.01711    0.01327   
2.85000    0.01676    0.01301    0.01655    0.01285   
2.90000    0.01621    0.01259    0.01603    0.01245   
2.95000    0.01569    0.01220    0.01552    0.01207   
3.00000    0.01518    0.01181    0.01505    0.01171   
