# DetSpace [F-lamb],  MS w/o Corr [uK^-2 s^-1],  MS w/ Corr [uK^-2 s^-1]
0.00000    0.00000    0.00000    0.00000    0.00000   
0.05000    0.00468    0.01302    0.00016    0.00200   
0.10000    0.01520    0.02635    0.00173    0.00778   
0.15000    0.02596    0.03237    0.00508    0.01170   
0.20000    0.03436    0.03499    0.00942    0.01453   
0.25000    0.04019    0.03613    0.01346    0.01636   
0.30000    0.04399    0.03653    0.01675    0.01756   
0.35000    0.04633    0.03652    0.02006    0.01899   
0.40000    0.04763    0.03624    0.02324    0.02046   
0.45000    0.04819    0.03580    0.02509    0.02108   
0.50000    0.04822    0.03522    0.02782    0.02243   
0.55000    0.04785    0.03455    0.03038    0.02373   
0.60000    0.04720    0.03381    0.03253    0.02480   
0.65000    0.04633    0.03301    0.03373    0.02529   
0.70000    0.04529    0.03217    0.03443    0.02551   
0.75000    0.04415    0.03130    0.03464    0.02545   
0.80000    0.04291    0.03041    0.03476    0.02538   
0.85000    0.04162    0.02950    0.03469    0.02521   
0.90000    0.04030    0.02859    0.03463    0.02507   
0.95000    0.03895    0.02768    0.03461    0.02497   
1.00000    0.03760    0.02677    0.03450    0.02483   
1.05000    0.03625    0.02587    0.03425    0.02461   
1.10000    0.03492    0.02498    0.03378    0.02426   
1.15000    0.03361    0.02411    0.03292    0.02367   
1.20000    0.03233    0.02326    0.03202    0.02306   
1.25000    0.03108    0.02242    0.03087    0.02229   
1.30000    0.02986    0.02161    0.02958    0.02142   
1.35000    0.02868    0.02082    0.02817    0.02048   
1.40000    0.02754    0.02005    0.02679    0.01956   
1.45000    0.02643    0.01931    0.02550    0.01868   
1.50000    0.02537    0.01859    0.02433    0.01788   
1.55000    0.02435    0.01790    0.02323    0.01713   
1.60000    0.02337    0.01723    0.02224    0.01645   
1.65000    0.02243    0.01658    0.02135    0.01584   
1.70000    0.02153    0.01596    0.02052    0.01526   
1.75000    0.02066    0.01536    0.01976    0.01474   
1.80000    0.01983    0.01479    0.01906    0.01425   
1.85000    0.01904    0.01424    0.01838    0.01377   
1.90000    0.01829    0.01371    0.01775    0.01333   
1.95000    0.01756    0.01320    0.01715    0.01290   
2.00000    0.01687    0.01272    0.01663    0.01254   
2.05000    0.01622    0.01225    0.01604    0.01212   
2.10000    0.01559    0.01180    0.01546    0.01171   
2.15000    0.01499    0.01137    0.01490    0.01131   
2.20000    0.01441    0.01096    0.01435    0.01091   
2.25000    0.01387    0.01057    0.01382    0.01053   
2.30000    0.01335    0.01019    0.01331    0.01016   
2.35000    0.01285    0.00983    0.01282    0.00980   
2.40000    0.01238    0.00949    0.01233    0.00945   
2.45000    0.01193    0.00916    0.01187    0.00911   
2.50000    0.01150    0.00884    0.01143    0.00879   
2.55000    0.01109    0.00854    0.01102    0.00849   
2.60000    0.01070    0.00825    0.01061    0.00818   
2.65000    0.01032    0.00797    0.01022    0.00789   
2.70000    0.00997    0.00771    0.00985    0.00762   
2.75000    0.00963    0.00745    0.00950    0.00736   
2.80000    0.00930    0.00721    0.00918    0.00712   
2.85000    0.00899    0.00698    0.00888    0.00689   
2.90000    0.00870    0.00675    0.00860    0.00668   
2.95000    0.00842    0.00654    0.00833    0.00647   
3.00000    0.00815    0.00634    0.00807    0.00628   
