# DetSpace [F-lamb],  MS w/o Corr [uK^-2 s^-1],  MS w/ Corr [uK^-2 s^-1]
0.00000    0.00000    0.00000    0.00000    0.00000   
0.05000    0.02060    0.01646    0.00297    0.00659   
0.10000    0.03849    0.01763    0.01015    0.00776   
0.15000    0.04561    0.01779    0.01453    0.00824   
0.20000    0.04842    0.01775    0.01773    0.00884   
0.25000    0.04944    0.01764    0.01982    0.00927   
0.30000    0.04958    0.01748    0.02121    0.00956   
0.35000    0.04923    0.01728    0.02299    0.01005   
0.40000    0.04856    0.01705    0.02487    0.01059   
0.45000    0.04767    0.01679    0.02563    0.01078   
0.50000    0.04662    0.01650    0.02744    0.01132   
0.55000    0.04546    0.01620    0.02921    0.01183   
0.60000    0.04421    0.01588    0.03067    0.01225   
0.65000    0.04290    0.01554    0.03134    0.01243   
0.70000    0.04154    0.01519    0.03163    0.01250   
0.75000    0.04016    0.01483    0.03152    0.01245   
0.80000    0.03877    0.01446    0.03139    0.01241   
0.85000    0.03738    0.01409    0.03113    0.01232   
0.90000    0.03599    0.01371    0.03090    0.01225   
0.95000    0.03463    0.01333    0.03073    0.01220   
1.00000    0.03328    0.01295    0.03051    0.01214   
1.05000    0.03197    0.01257    0.03018    0.01204   
1.10000    0.03068    0.01219    0.02967    0.01189   
1.15000    0.02943    0.01182    0.02882    0.01163   
1.20000    0.02823    0.01146    0.02795    0.01137   
1.25000    0.02706    0.01109    0.02688    0.01104   
1.30000    0.02593    0.01074    0.02568    0.01066   
1.35000    0.02484    0.01039    0.02440    0.01024   
1.40000    0.02380    0.01005    0.02315    0.00983   
1.45000    0.02280    0.00972    0.02198    0.00944   
1.50000    0.02184    0.00940    0.02093    0.00908   
1.55000    0.02092    0.00909    0.01995    0.00873   
1.60000    0.02005    0.00878    0.01907    0.00842   
1.65000    0.01921    0.00849    0.01828    0.00814   
1.70000    0.01841    0.00820    0.01754    0.00787   
1.75000    0.01764    0.00792    0.01687    0.00763   
1.80000    0.01691    0.00766    0.01625    0.00740   
1.85000    0.01622    0.00740    0.01565    0.00717   
1.90000    0.01555    0.00715    0.01510    0.00696   
1.95000    0.01492    0.00690    0.01457    0.00676   
2.00000    0.01432    0.00667    0.01411    0.00658   
2.05000    0.01375    0.00645    0.01360    0.00639   
2.10000    0.01320    0.00623    0.01310    0.00618   
2.15000    0.01268    0.00602    0.01261    0.00599   
2.20000    0.01219    0.00582    0.01214    0.00580   
2.25000    0.01172    0.00563    0.01168    0.00561   
2.30000    0.01127    0.00544    0.01124    0.00543   
2.35000    0.01085    0.00526    0.01082    0.00525   
2.40000    0.01044    0.00509    0.01040    0.00507   
2.45000    0.01005    0.00492    0.01001    0.00490   
2.50000    0.00969    0.00476    0.00963    0.00474   
2.55000    0.00934    0.00461    0.00928    0.00458   
2.60000    0.00900    0.00446    0.00893    0.00443   
2.65000    0.00869    0.00432    0.00860    0.00428   
2.70000    0.00838    0.00419    0.00828    0.00414   
2.75000    0.00809    0.00406    0.00799    0.00401   
2.80000    0.00782    0.00393    0.00772    0.00388   
2.85000    0.00756    0.00381    0.00746    0.00376   
2.90000    0.00731    0.00369    0.00722    0.00365   
2.95000    0.00707    0.00358    0.00700    0.00354   
3.00000    0.00684    0.00347    0.00678    0.00344   
