# DetSpace [F-lamb],  MS w/o Corr [uK^-2 s^-1],  MS w/ Corr [uK^-2 s^-1]
0.00000    0.00000    0.00000    0.00000    0.00000   
0.05000    0.00032    0.00087    0.00000    0.00001   
0.10000    0.00120    0.00332    0.00002    0.00008   
0.15000    0.00248    0.00697    0.00010    0.00039   
0.20000    0.00395    0.01131    0.00027    0.00113   
0.25000    0.00543    0.01587    0.00057    0.00238   
0.30000    0.00676    0.02025    0.00095    0.00405   
0.35000    0.00790    0.02422    0.00148    0.00630   
0.40000    0.00880    0.02764    0.00212    0.00902   
0.45000    0.00947    0.03045    0.00267    0.01142   
0.50000    0.00993    0.03268    0.00344    0.01458   
0.55000    0.01020    0.03437    0.00426    0.01789   
0.60000    0.01033    0.03556    0.00508    0.02105   
0.65000    0.01033    0.03634    0.00568    0.02345   
0.70000    0.01023    0.03676    0.00615    0.02535   
0.75000    0.01006    0.03687    0.00646    0.02669   
0.80000    0.00982    0.03674    0.00673    0.02786   
0.85000    0.00955    0.03640    0.00692    0.02874   
0.90000    0.00924    0.03589    0.00710    0.02955   
0.95000    0.00892    0.03526    0.00727    0.03032   
1.00000    0.00858    0.03452    0.00741    0.03096   
1.05000    0.00824    0.03370    0.00749    0.03137   
1.10000    0.00790    0.03282    0.00747    0.03148   
1.15000    0.00756    0.03191    0.00731    0.03109   
1.20000    0.00723    0.03096    0.00712    0.03060   
1.25000    0.00691    0.03000    0.00683    0.02976   
1.30000    0.00659    0.02904    0.00650    0.02870   
1.35000    0.00629    0.02808    0.00612    0.02747   
1.40000    0.00600    0.02712    0.00576    0.02624   
1.45000    0.00572    0.02618    0.00542    0.02507   
1.50000    0.00546    0.02526    0.00513    0.02401   
1.55000    0.00521    0.02436    0.00486    0.02302   
1.60000    0.00497    0.02348    0.00462    0.02213   
1.65000    0.00474    0.02262    0.00442    0.02134   
1.70000    0.00452    0.02179    0.00422    0.02059   
1.75000    0.00431    0.02099    0.00405    0.01992   
1.80000    0.00412    0.02022    0.00390    0.01929   
1.85000    0.00393    0.01947    0.00374    0.01867   
1.90000    0.00376    0.01875    0.00361    0.01811   
1.95000    0.00359    0.01806    0.00348    0.01755   
2.00000    0.00344    0.01740    0.00337    0.01710   
2.05000    0.00329    0.01676    0.00324    0.01655   
2.10000    0.00315    0.01614    0.00311    0.01599   
2.15000    0.00301    0.01556    0.00299    0.01544   
2.20000    0.00289    0.01499    0.00287    0.01491   
2.25000    0.00277    0.01445    0.00276    0.01439   
2.30000    0.00266    0.01393    0.00265    0.01388   
2.35000    0.00255    0.01344    0.00254    0.01339   
2.40000    0.00245    0.01296    0.00244    0.01290   
2.45000    0.00236    0.01251    0.00234    0.01244   
2.50000    0.00227    0.01207    0.00225    0.01198   
2.55000    0.00218    0.01166    0.00216    0.01157   
2.60000    0.00210    0.01126    0.00208    0.01115   
2.65000    0.00202    0.01088    0.00200    0.01074   
2.70000    0.00195    0.01051    0.00192    0.01036   
2.75000    0.00188    0.01016    0.00185    0.01001   
2.80000    0.00181    0.00983    0.00178    0.00968   
2.85000    0.00175    0.00951    0.00172    0.00937   
2.90000    0.00169    0.00920    0.00167    0.00908   
2.95000    0.00164    0.00891    0.00161    0.00880   
3.00000    0.00158    0.00863    0.00156    0.00854   
