# DetSpace [F-lamb],  MS w/o Corr [uK^-2 s^-1],  MS w/ Corr [uK^-2 s^-1]
0.00000    0.00000    0.00000    0.00000    0.00000   
0.05000    0.03819    0.03051    0.00551    0.01227   
0.10000    0.07150    0.03270    0.01892    0.01446   
0.15000    0.08480    0.03300    0.02710    0.01535   
0.20000    0.09005    0.03294    0.03308    0.01648   
0.25000    0.09197    0.03273    0.03699    0.01727   
0.30000    0.09225    0.03243    0.03959    0.01781   
0.35000    0.09161    0.03206    0.04289    0.01872   
0.40000    0.09037    0.03163    0.04640    0.01973   
0.45000    0.08872    0.03115    0.04782    0.02007   
0.50000    0.08678    0.03063    0.05119    0.02106   
0.55000    0.08462    0.03007    0.05447    0.02201   
0.60000    0.08230    0.02947    0.05719    0.02278   
0.65000    0.07987    0.02885    0.05844    0.02311   
0.70000    0.07736    0.02820    0.05897    0.02324   
0.75000    0.07479    0.02754    0.05876    0.02316   
0.80000    0.07221    0.02685    0.05851    0.02307   
0.85000    0.06962    0.02616    0.05802    0.02291   
0.90000    0.06704    0.02546    0.05760    0.02278   
0.95000    0.06450    0.02476    0.05728    0.02268   
1.00000    0.06200    0.02406    0.05687    0.02256   
1.05000    0.05955    0.02335    0.05624    0.02238   
1.10000    0.05716    0.02266    0.05528    0.02209   
1.15000    0.05484    0.02197    0.05371    0.02162   
1.20000    0.05259    0.02129    0.05209    0.02113   
1.25000    0.05042    0.02062    0.05008    0.02051   
1.30000    0.04832    0.01996    0.04786    0.01981   
1.35000    0.04630    0.01932    0.04548    0.01905   
1.40000    0.04436    0.01869    0.04316    0.01828   
1.45000    0.04250    0.01808    0.04098    0.01755   
1.50000    0.04071    0.01748    0.03902    0.01688   
1.55000    0.03900    0.01690    0.03719    0.01625   
1.60000    0.03737    0.01633    0.03555    0.01567   
1.65000    0.03581    0.01578    0.03408    0.01514   
1.70000    0.03431    0.01525    0.03270    0.01464   
1.75000    0.03289    0.01474    0.03146    0.01419   
1.80000    0.03153    0.01424    0.03030    0.01376   
1.85000    0.03023    0.01376    0.02918    0.01334   
1.90000    0.02900    0.01329    0.02815    0.01295   
1.95000    0.02782    0.01285    0.02716    0.01258   
2.00000    0.02670    0.01241    0.02631    0.01225   
2.05000    0.02564    0.01199    0.02536    0.01188   
2.10000    0.02462    0.01159    0.02442    0.01151   
2.15000    0.02365    0.01120    0.02351    0.01114   
2.20000    0.02273    0.01083    0.02263    0.01079   
2.25000    0.02185    0.01047    0.02178    0.01044   
2.30000    0.02102    0.01013    0.02096    0.01010   
2.35000    0.02023    0.00979    0.02017    0.00977   
2.40000    0.01947    0.00947    0.01940    0.00944   
2.45000    0.01875    0.00916    0.01866    0.00912   
2.50000    0.01806    0.00887    0.01795    0.00882   
2.55000    0.01741    0.00858    0.01730    0.00853   
2.60000    0.01679    0.00831    0.01665    0.00824   
2.65000    0.01620    0.00804    0.01603    0.00797   
2.70000    0.01563    0.00779    0.01545    0.00770   
2.75000    0.01509    0.00755    0.01490    0.00746   
2.80000    0.01458    0.00731    0.01439    0.00722   
2.85000    0.01409    0.00709    0.01392    0.00700   
2.90000    0.01363    0.00687    0.01347    0.00680   
2.95000    0.01318    0.00666    0.01305    0.00660   
3.00000    0.01276    0.00646    0.01264    0.00641   
