# DetSpace [F-lamb],  MS w/o Corr [uK^-2 s^-1],  MS w/ Corr [uK^-2 s^-1]
0.00000    0.00000    0.00000    0.00000    0.00000   
0.05000    0.02844    0.02272    0.00411    0.00913   
0.10000    0.05325    0.02435    0.01409    0.01077   
0.15000    0.06315    0.02457    0.02018    0.01143   
0.20000    0.06706    0.02453    0.02464    0.01227   
0.25000    0.06849    0.02437    0.02755    0.01286   
0.30000    0.06870    0.02415    0.02948    0.01327   
0.35000    0.06822    0.02388    0.03194    0.01394   
0.40000    0.06730    0.02356    0.03455    0.01469   
0.45000    0.06607    0.02320    0.03561    0.01495   
0.50000    0.06462    0.02281    0.03812    0.01569   
0.55000    0.06302    0.02239    0.04056    0.01639   
0.60000    0.06129    0.02195    0.04259    0.01696   
0.65000    0.05948    0.02148    0.04352    0.01721   
0.70000    0.05761    0.02100    0.04391    0.01730   
0.75000    0.05570    0.02051    0.04376    0.01724   
0.80000    0.05377    0.02000    0.04357    0.01718   
0.85000    0.05184    0.01948    0.04321    0.01706   
0.90000    0.04993    0.01896    0.04289    0.01696   
0.95000    0.04803    0.01844    0.04265    0.01689   
1.00000    0.04617    0.01791    0.04235    0.01680   
1.05000    0.04435    0.01739    0.04188    0.01666   
1.10000    0.04257    0.01687    0.04117    0.01645   
1.15000    0.04084    0.01636    0.04000    0.01610   
1.20000    0.03917    0.01585    0.03879    0.01574   
1.25000    0.03755    0.01536    0.03730    0.01528   
1.30000    0.03599    0.01487    0.03564    0.01476   
1.35000    0.03448    0.01439    0.03387    0.01418   
1.40000    0.03304    0.01392    0.03214    0.01361   
1.45000    0.03165    0.01346    0.03052    0.01307   
1.50000    0.03032    0.01302    0.02906    0.01257   
1.55000    0.02905    0.01258    0.02770    0.01210   
1.60000    0.02783    0.01216    0.02648    0.01167   
1.65000    0.02666    0.01175    0.02538    0.01128   
1.70000    0.02555    0.01136    0.02435    0.01090   
1.75000    0.02449    0.01098    0.02343    0.01057   
1.80000    0.02348    0.01060    0.02256    0.01025   
1.85000    0.02252    0.01025    0.02173    0.00994   
1.90000    0.02160    0.00990    0.02097    0.00965   
1.95000    0.02072    0.00957    0.02023    0.00937   
2.00000    0.01988    0.00924    0.01959    0.00912   
2.05000    0.01909    0.00893    0.01889    0.00885   
2.10000    0.01833    0.00863    0.01819    0.00857   
2.15000    0.01761    0.00834    0.01751    0.00830   
2.20000    0.01693    0.00807    0.01685    0.00803   
2.25000    0.01627    0.00780    0.01622    0.00777   
2.30000    0.01565    0.00754    0.01561    0.00752   
2.35000    0.01506    0.00729    0.01502    0.00727   
2.40000    0.01450    0.00705    0.01444    0.00703   
2.45000    0.01396    0.00682    0.01390    0.00679   
2.50000    0.01345    0.00660    0.01337    0.00657   
2.55000    0.01297    0.00639    0.01289    0.00635   
2.60000    0.01250    0.00619    0.01240    0.00614   
2.65000    0.01206    0.00599    0.01194    0.00593   
2.70000    0.01164    0.00580    0.01150    0.00574   
2.75000    0.01124    0.00562    0.01110    0.00555   
2.80000    0.01086    0.00545    0.01072    0.00538   
2.85000    0.01049    0.00528    0.01036    0.00522   
2.90000    0.01015    0.00512    0.01003    0.00506   
2.95000    0.00982    0.00496    0.00971    0.00491   
3.00000    0.00950    0.00481    0.00941    0.00477   
