# DetSpace [F-lamb],  MS w/o Corr [uK^-2 s^-1],  MS w/ Corr [uK^-2 s^-1]
0.00000    0.00000    0.00000    0.00000    0.00000   
0.05000    0.00007    0.00020    0.00000    0.00000   
0.10000    0.00027    0.00076    0.00000    0.00002   
0.15000    0.00056    0.00159    0.00002    0.00009   
0.20000    0.00090    0.00259    0.00006    0.00026   
0.25000    0.00123    0.00364    0.00013    0.00054   
0.30000    0.00154    0.00466    0.00022    0.00093   
0.35000    0.00181    0.00559    0.00034    0.00145   
0.40000    0.00202    0.00640    0.00049    0.00209   
0.45000    0.00218    0.00707    0.00062    0.00266   
0.50000    0.00230    0.00760    0.00080    0.00340   
0.55000    0.00237    0.00801    0.00100    0.00419   
0.60000    0.00240    0.00831    0.00119    0.00493   
0.65000    0.00241    0.00850    0.00133    0.00551   
0.70000    0.00239    0.00861    0.00144    0.00596   
0.75000    0.00235    0.00865    0.00152    0.00628   
0.80000    0.00230    0.00863    0.00158    0.00657   
0.85000    0.00224    0.00856    0.00163    0.00678   
0.90000    0.00217    0.00845    0.00167    0.00698   
0.95000    0.00210    0.00831    0.00172    0.00716   
1.00000    0.00202    0.00814    0.00175    0.00732   
1.05000    0.00194    0.00796    0.00177    0.00742   
1.10000    0.00186    0.00776    0.00176    0.00744   
1.15000    0.00178    0.00755    0.00173    0.00736   
1.20000    0.00171    0.00733    0.00168    0.00724   
1.25000    0.00163    0.00710    0.00161    0.00705   
1.30000    0.00156    0.00688    0.00154    0.00680   
1.35000    0.00149    0.00665    0.00145    0.00651   
1.40000    0.00142    0.00643    0.00136    0.00623   
1.45000    0.00136    0.00621    0.00128    0.00595   
1.50000    0.00129    0.00599    0.00122    0.00570   
1.55000    0.00123    0.00578    0.00115    0.00547   
1.60000    0.00118    0.00558    0.00110    0.00526   
1.65000    0.00112    0.00537    0.00105    0.00507   
1.70000    0.00107    0.00518    0.00100    0.00490   
1.75000    0.00102    0.00499    0.00096    0.00474   
1.80000    0.00098    0.00481    0.00092    0.00459   
1.85000    0.00093    0.00463    0.00089    0.00444   
1.90000    0.00089    0.00446    0.00086    0.00431   
1.95000    0.00085    0.00430    0.00083    0.00418   
2.00000    0.00082    0.00414    0.00080    0.00407   
2.05000    0.00078    0.00399    0.00077    0.00394   
2.10000    0.00075    0.00384    0.00074    0.00381   
2.15000    0.00072    0.00370    0.00071    0.00368   
2.20000    0.00069    0.00357    0.00068    0.00355   
2.25000    0.00066    0.00344    0.00065    0.00343   
2.30000    0.00063    0.00332    0.00063    0.00331   
2.35000    0.00061    0.00320    0.00060    0.00319   
2.40000    0.00058    0.00309    0.00058    0.00307   
2.45000    0.00056    0.00298    0.00056    0.00296   
2.50000    0.00054    0.00288    0.00053    0.00286   
2.55000    0.00052    0.00278    0.00051    0.00276   
2.60000    0.00050    0.00268    0.00049    0.00266   
2.65000    0.00048    0.00259    0.00047    0.00256   
2.70000    0.00046    0.00251    0.00046    0.00247   
2.75000    0.00045    0.00242    0.00044    0.00239   
2.80000    0.00043    0.00234    0.00042    0.00231   
2.85000    0.00042    0.00227    0.00041    0.00223   
2.90000    0.00040    0.00219    0.00040    0.00216   
2.95000    0.00039    0.00212    0.00038    0.00210   
3.00000    0.00038    0.00206    0.00037    0.00204   
