# DetSpace [F-lamb],  MS w/o Corr [uK^-2 s^-1],  MS w/ Corr [uK^-2 s^-1]
0.00000    0.00000    0.00000    0.00000    0.00000   
0.05000    0.01982    0.05335    0.00068    0.00823   
0.10000    0.06324    0.10645    0.00716    0.03119   
0.15000    0.10609    0.12994    0.02039    0.04643   
0.20000    0.13845    0.14002    0.03698    0.05739   
0.25000    0.16026    0.14430    0.05203    0.06449   
0.30000    0.17407    0.14574    0.06410    0.06916   
0.35000    0.18226    0.14557    0.07634    0.07479   
0.40000    0.18653    0.14439    0.08817    0.08060   
0.45000    0.18803    0.14253    0.09492    0.08302   
0.50000    0.18756    0.14017    0.10522    0.08844   
0.55000    0.18565    0.13744    0.11501    0.09363   
0.60000    0.18268    0.13442    0.12330    0.09792   
0.65000    0.17893    0.13119    0.12792    0.09992   
0.70000    0.17461    0.12780    0.13062    0.10083   
0.75000    0.16988    0.12429    0.13137    0.10061   
0.80000    0.16486    0.12070    0.13185    0.10034   
0.85000    0.15965    0.11706    0.13160    0.09968   
0.90000    0.15433    0.11340    0.13142    0.09914   
0.95000    0.14897    0.10974    0.13138    0.09875   
1.00000    0.14361    0.10610    0.13107    0.09823   
1.05000    0.13829    0.10250    0.13018    0.09738   
1.10000    0.13306    0.09895    0.12843    0.09601   
1.15000    0.12792    0.09547    0.12513    0.09368   
1.20000    0.12291    0.09206    0.12167    0.09126   
1.25000    0.11803    0.08873    0.11720    0.08818   
1.30000    0.11330    0.08548    0.11216    0.08473   
1.35000    0.10872    0.08233    0.10668    0.08098   
1.40000    0.10431    0.07928    0.10134    0.07728   
1.45000    0.10006    0.07632    0.09631    0.07378   
1.50000    0.09597    0.07346    0.09179    0.07061   
1.55000    0.09204    0.07071    0.08757    0.06762   
1.60000    0.08828    0.06805    0.08379    0.06492   
1.65000    0.08467    0.06549    0.08040    0.06249   
1.70000    0.08122    0.06302    0.07721    0.06020   
1.75000    0.07792    0.06065    0.07436    0.05813   
1.80000    0.07476    0.05838    0.07171    0.05619   
1.85000    0.07175    0.05619    0.06913    0.05431   
1.90000    0.06887    0.05410    0.06677    0.05257   
1.95000    0.06613    0.05208    0.06448    0.05089   
2.00000    0.06351    0.05016    0.06254    0.04944   
2.05000    0.06101    0.04831    0.06033    0.04781   
2.10000    0.05863    0.04654    0.05814    0.04617   
2.15000    0.05636    0.04484    0.05600    0.04458   
2.20000    0.05420    0.04322    0.05394    0.04303   
2.25000    0.05214    0.04167    0.05194    0.04152   
2.30000    0.05017    0.04018    0.05001    0.04006   
2.35000    0.04830    0.03876    0.04815    0.03865   
2.40000    0.04652    0.03739    0.04633    0.03725   
2.45000    0.04481    0.03609    0.04459    0.03592   
2.50000    0.04319    0.03484    0.04291    0.03463   
2.55000    0.04165    0.03365    0.04138    0.03344   
2.60000    0.04017    0.03251    0.03982    0.03224   
2.65000    0.03877    0.03141    0.03835    0.03109   
2.70000    0.03743    0.03037    0.03696    0.03000   
2.75000    0.03615    0.02936    0.03566    0.02899   
2.80000    0.03493    0.02840    0.03445    0.02803   
2.85000    0.03377    0.02749    0.03332    0.02714   
2.90000    0.03266    0.02661    0.03226    0.02630   
2.95000    0.03159    0.02577    0.03125    0.02550   
3.00000    0.03058    0.02496    0.03030    0.02474   
