# DetSpace [F-lamb],  MS w/o Corr [uK^-2 s^-1],  MS w/ Corr [uK^-2 s^-1]
0.00000    0.00000    0.00000    0.00000    0.00000   
0.05000    0.01938    0.01572    0.00285    0.00644   
0.10000    0.03656    0.01687    0.00989    0.00760   
0.15000    0.04351    0.01703    0.01422    0.00807   
0.20000    0.04628    0.01701    0.01737    0.00865   
0.25000    0.04732    0.01690    0.01943    0.00906   
0.30000    0.04750    0.01675    0.02079    0.00934   
0.35000    0.04719    0.01657    0.02251    0.00980   
0.40000    0.04658    0.01635    0.02432    0.01032   
0.45000    0.04576    0.01611    0.02506    0.01050   
0.50000    0.04478    0.01584    0.02678    0.01100   
0.55000    0.04369    0.01555    0.02846    0.01148   
0.60000    0.04252    0.01525    0.02984    0.01187   
0.65000    0.04128    0.01493    0.03047    0.01204   
0.70000    0.04001    0.01460    0.03073    0.01210   
0.75000    0.03870    0.01426    0.03061    0.01205   
0.80000    0.03738    0.01391    0.03047    0.01200   
0.85000    0.03606    0.01356    0.03021    0.01192   
0.90000    0.03475    0.01320    0.02998    0.01185   
0.95000    0.03344    0.01284    0.02980    0.01179   
1.00000    0.03216    0.01248    0.02957    0.01173   
1.05000    0.03091    0.01212    0.02923    0.01163   
1.10000    0.02968    0.01177    0.02873    0.01148   
1.15000    0.02849    0.01141    0.02792    0.01124   
1.20000    0.02733    0.01106    0.02708    0.01098   
1.25000    0.02621    0.01072    0.02604    0.01067   
1.30000    0.02513    0.01038    0.02490    0.01031   
1.35000    0.02409    0.01005    0.02367    0.00991   
1.40000    0.02309    0.00973    0.02247    0.00952   
1.45000    0.02212    0.00941    0.02135    0.00914   
1.50000    0.02120    0.00910    0.02034    0.00880   
1.55000    0.02031    0.00880    0.01939    0.00847   
1.60000    0.01947    0.00851    0.01854    0.00817   
1.65000    0.01866    0.00822    0.01778    0.00790   
1.70000    0.01788    0.00795    0.01706    0.00764   
1.75000    0.01714    0.00768    0.01642    0.00740   
1.80000    0.01644    0.00743    0.01581    0.00718   
1.85000    0.01577    0.00718    0.01523    0.00696   
1.90000    0.01512    0.00693    0.01469    0.00676   
1.95000    0.01451    0.00670    0.01418    0.00656   
2.00000    0.01393    0.00648    0.01373    0.00640   
2.05000    0.01337    0.00626    0.01324    0.00620   
2.10000    0.01285    0.00605    0.01274    0.00601   
2.15000    0.01234    0.00585    0.01227    0.00582   
2.20000    0.01186    0.00566    0.01181    0.00563   
2.25000    0.01141    0.00547    0.01137    0.00545   
2.30000    0.01097    0.00529    0.01094    0.00527   
2.35000    0.01056    0.00511    0.01053    0.00510   
2.40000    0.01016    0.00495    0.01013    0.00493   
2.45000    0.00979    0.00479    0.00974    0.00477   
2.50000    0.00943    0.00463    0.00937    0.00461   
2.55000    0.00909    0.00448    0.00903    0.00446   
2.60000    0.00877    0.00434    0.00869    0.00431   
2.65000    0.00846    0.00420    0.00837    0.00416   
2.70000    0.00816    0.00407    0.00807    0.00403   
2.75000    0.00788    0.00394    0.00778    0.00390   
2.80000    0.00761    0.00382    0.00752    0.00378   
2.85000    0.00736    0.00371    0.00727    0.00366   
2.90000    0.00711    0.00359    0.00704    0.00355   
2.95000    0.00688    0.00348    0.00681    0.00345   
3.00000    0.00666    0.00338    0.00660    0.00335   
