# DetSpace [F-lamb],  MS w/o Corr [uK^-2 s^-1],  MS w/ Corr [uK^-2 s^-1]
0.00000    0.00000    0.00000    0.00000    0.00000   
0.05000    0.00013    0.00037    0.00000    0.00000   
0.10000    0.00051    0.00141    0.00001    0.00004   
0.15000    0.00105    0.00296    0.00004    0.00016   
0.20000    0.00168    0.00482    0.00012    0.00048   
0.25000    0.00231    0.00678    0.00024    0.00101   
0.30000    0.00289    0.00868    0.00041    0.00173   
0.35000    0.00339    0.01042    0.00064    0.00271   
0.40000    0.00379    0.01192    0.00092    0.00390   
0.45000    0.00409    0.01317    0.00116    0.00496   
0.50000    0.00430    0.01417    0.00150    0.00635   
0.55000    0.00443    0.01494    0.00187    0.00781   
0.60000    0.00450    0.01549    0.00222    0.00921   
0.65000    0.00451    0.01586    0.00249    0.01027   
0.70000    0.00447    0.01607    0.00271    0.01112   
0.75000    0.00440    0.01614    0.00285    0.01173   
0.80000    0.00431    0.01610    0.00297    0.01225   
0.85000    0.00419    0.01598    0.00305    0.01265   
0.90000    0.00406    0.01577    0.00313    0.01302   
0.95000    0.00393    0.01551    0.00321    0.01337   
1.00000    0.00378    0.01520    0.00327    0.01365   
1.05000    0.00364    0.01485    0.00331    0.01384   
1.10000    0.00349    0.01448    0.00330    0.01389   
1.15000    0.00334    0.01408    0.00323    0.01373   
1.20000    0.00320    0.01368    0.00315    0.01352   
1.25000    0.00306    0.01326    0.00302    0.01315   
1.30000    0.00292    0.01284    0.00288    0.01269   
1.35000    0.00279    0.01242    0.00271    0.01216   
1.40000    0.00266    0.01201    0.00255    0.01162   
1.45000    0.00254    0.01160    0.00241    0.01111   
1.50000    0.00242    0.01119    0.00228    0.01065   
1.55000    0.00231    0.01080    0.00216    0.01021   
1.60000    0.00220    0.01041    0.00205    0.00982   
1.65000    0.00210    0.01004    0.00196    0.00947   
1.70000    0.00201    0.00967    0.00188    0.00914   
1.75000    0.00192    0.00932    0.00180    0.00885   
1.80000    0.00183    0.00898    0.00173    0.00857   
1.85000    0.00175    0.00865    0.00166    0.00830   
1.90000    0.00167    0.00833    0.00160    0.00805   
1.95000    0.00160    0.00802    0.00155    0.00780   
2.00000    0.00153    0.00773    0.00150    0.00760   
2.05000    0.00146    0.00745    0.00144    0.00736   
2.10000    0.00140    0.00718    0.00138    0.00711   
2.15000    0.00134    0.00692    0.00133    0.00687   
2.20000    0.00128    0.00667    0.00128    0.00663   
2.25000    0.00123    0.00643    0.00123    0.00640   
2.30000    0.00118    0.00620    0.00118    0.00618   
2.35000    0.00113    0.00598    0.00113    0.00596   
2.40000    0.00109    0.00577    0.00108    0.00574   
2.45000    0.00105    0.00557    0.00104    0.00553   
2.50000    0.00101    0.00537    0.00100    0.00533   
2.55000    0.00097    0.00519    0.00096    0.00515   
2.60000    0.00093    0.00501    0.00092    0.00496   
2.65000    0.00090    0.00484    0.00089    0.00478   
2.70000    0.00087    0.00468    0.00085    0.00461   
2.75000    0.00084    0.00452    0.00082    0.00446   
2.80000    0.00081    0.00438    0.00079    0.00431   
2.85000    0.00078    0.00423    0.00077    0.00417   
2.90000    0.00075    0.00410    0.00074    0.00404   
2.95000    0.00073    0.00397    0.00072    0.00392   
3.00000    0.00070    0.00384    0.00070    0.00380   
