# DetSpace [F-lamb],  MS w/o Corr [uK^-2 s^-1],  MS w/ Corr [uK^-2 s^-1]
0.00000    0.00000    0.00000    0.00000    0.00000   
0.05000    0.00437    0.01223    0.00015    0.00191   
0.10000    0.01426    0.02499    0.00165    0.00754   
0.15000    0.02447    0.03085    0.00489    0.01142   
0.20000    0.03253    0.03342    0.00911    0.01420   
0.25000    0.03818    0.03456    0.01306    0.01599   
0.30000    0.04190    0.03497    0.01629    0.01717   
0.35000    0.04421    0.03499    0.01953    0.01855   
0.40000    0.04553    0.03475    0.02263    0.01996   
0.45000    0.04612    0.03434    0.02444    0.02055   
0.50000    0.04620    0.03381    0.02707    0.02184   
0.55000    0.04590    0.03318    0.02953    0.02307   
0.60000    0.04531    0.03249    0.03158    0.02407   
0.65000    0.04452    0.03174    0.03273    0.02453   
0.70000    0.04356    0.03095    0.03340    0.02474   
0.75000    0.04249    0.03013    0.03359    0.02467   
0.80000    0.04133    0.02929    0.03370    0.02459   
0.85000    0.04012    0.02843    0.03363    0.02442   
0.90000    0.03887    0.02757    0.03356    0.02428   
0.95000    0.03759    0.02670    0.03352    0.02417   
1.00000    0.03631    0.02584    0.03341    0.02402   
1.05000    0.03503    0.02498    0.03315    0.02380   
1.10000    0.03377    0.02414    0.03269    0.02346   
1.15000    0.03252    0.02331    0.03187    0.02289   
1.20000    0.03129    0.02249    0.03100    0.02231   
1.25000    0.03009    0.02169    0.02990    0.02157   
1.30000    0.02893    0.02092    0.02866    0.02074   
1.35000    0.02779    0.02016    0.02732    0.01984   
1.40000    0.02670    0.01942    0.02600    0.01896   
1.45000    0.02564    0.01871    0.02476    0.01812   
1.50000    0.02462    0.01802    0.02363    0.01736   
1.55000    0.02364    0.01736    0.02257    0.01663   
1.60000    0.02269    0.01671    0.02162    0.01598   
1.65000    0.02178    0.01609    0.02076    0.01539   
1.70000    0.02091    0.01549    0.01996    0.01483   
1.75000    0.02008    0.01492    0.01923    0.01432   
1.80000    0.01928    0.01436    0.01855    0.01385   
1.85000    0.01851    0.01383    0.01789    0.01339   
1.90000    0.01778    0.01332    0.01728    0.01296   
1.95000    0.01708    0.01283    0.01669    0.01255   
2.00000    0.01641    0.01236    0.01618    0.01219   
2.05000    0.01577    0.01191    0.01561    0.01179   
2.10000    0.01516    0.01147    0.01504    0.01139   
2.15000    0.01458    0.01106    0.01450    0.01100   
2.20000    0.01403    0.01066    0.01397    0.01062   
2.25000    0.01350    0.01028    0.01345    0.01024   
2.30000    0.01299    0.00991    0.01295    0.00989   
2.35000    0.01251    0.00957    0.01248    0.00954   
2.40000    0.01205    0.00923    0.01201    0.00920   
2.45000    0.01161    0.00891    0.01156    0.00887   
2.50000    0.01119    0.00860    0.01113    0.00855   
2.55000    0.01080    0.00831    0.01073    0.00826   
2.60000    0.01042    0.00803    0.01033    0.00796   
2.65000    0.01005    0.00776    0.00995    0.00768   
2.70000    0.00971    0.00750    0.00959    0.00741   
2.75000    0.00938    0.00725    0.00926    0.00717   
2.80000    0.00906    0.00702    0.00894    0.00693   
2.85000    0.00876    0.00679    0.00865    0.00671   
2.90000    0.00847    0.00657    0.00838    0.00650   
2.95000    0.00820    0.00637    0.00811    0.00630   
3.00000    0.00793    0.00617    0.00786    0.00612   
