# DetSpace [F-lamb],  MS w/o Corr [uK^-2 s^-1],  MS w/ Corr [uK^-2 s^-1]
0.00000    0.00000    0.00000    0.00000    0.00000   
0.05000    0.02675    0.02170    0.00394    0.00893   
0.10000    0.05057    0.02330    0.01372    0.01055   
0.15000    0.06023    0.02353    0.01975    0.01120   
0.20000    0.06409    0.02349    0.02414    0.01201   
0.25000    0.06554    0.02335    0.02700    0.01257   
0.30000    0.06580    0.02314    0.02889    0.01296   
0.35000    0.06539    0.02289    0.03128    0.01359   
0.40000    0.06455    0.02259    0.03379    0.01431   
0.45000    0.06341    0.02226    0.03481    0.01455   
0.50000    0.06207    0.02189    0.03720    0.01524   
0.55000    0.06056    0.02150    0.03952    0.01591   
0.60000    0.05894    0.02108    0.04143    0.01644   
0.65000    0.05723    0.02064    0.04230    0.01667   
0.70000    0.05547    0.02019    0.04265    0.01675   
0.75000    0.05366    0.01972    0.04249    0.01668   
0.80000    0.05184    0.01924    0.04229    0.01662   
0.85000    0.05001    0.01875    0.04192    0.01650   
0.90000    0.04819    0.01826    0.04160    0.01640   
0.95000    0.04639    0.01776    0.04135    0.01632   
1.00000    0.04461    0.01727    0.04103    0.01623   
1.05000    0.04287    0.01677    0.04056    0.01609   
1.10000    0.04118    0.01628    0.03986    0.01589   
1.15000    0.03952    0.01579    0.03873    0.01555   
1.20000    0.03792    0.01531    0.03757    0.01520   
1.25000    0.03637    0.01484    0.03613    0.01476   
1.30000    0.03487    0.01437    0.03455    0.01426   
1.35000    0.03343    0.01391    0.03285    0.01372   
1.40000    0.03204    0.01346    0.03119    0.01318   
1.45000    0.03070    0.01303    0.02964    0.01266   
1.50000    0.02942    0.01260    0.02824    0.01218   
1.55000    0.02819    0.01218    0.02692    0.01173   
1.60000    0.02702    0.01178    0.02574    0.01132   
1.65000    0.02590    0.01139    0.02468    0.01094   
1.70000    0.02482    0.01101    0.02369    0.01058   
1.75000    0.02380    0.01064    0.02279    0.01025   
1.80000    0.02282    0.01028    0.02195    0.00995   
1.85000    0.02189    0.00994    0.02115    0.00965   
1.90000    0.02100    0.00961    0.02040    0.00937   
1.95000    0.02015    0.00928    0.01968    0.00909   
2.00000    0.01934    0.00897    0.01906    0.00886   
2.05000    0.01857    0.00867    0.01838    0.00859   
2.10000    0.01783    0.00838    0.01769    0.00832   
2.15000    0.01714    0.00810    0.01703    0.00806   
2.20000    0.01647    0.00784    0.01640    0.00780   
2.25000    0.01584    0.00758    0.01578    0.00755   
2.30000    0.01523    0.00733    0.01519    0.00731   
2.35000    0.01466    0.00709    0.01462    0.00707   
2.40000    0.01411    0.00686    0.01406    0.00683   
2.45000    0.01359    0.00663    0.01353    0.00661   
2.50000    0.01309    0.00642    0.01301    0.00638   
2.55000    0.01262    0.00621    0.01255    0.00618   
2.60000    0.01217    0.00602    0.01207    0.00597   
2.65000    0.01174    0.00583    0.01162    0.00577   
2.70000    0.01133    0.00564    0.01120    0.00558   
2.75000    0.01094    0.00547    0.01081    0.00540   
2.80000    0.01057    0.00530    0.01044    0.00523   
2.85000    0.01022    0.00514    0.01009    0.00508   
2.90000    0.00988    0.00498    0.00977    0.00493   
2.95000    0.00956    0.00483    0.00946    0.00478   
3.00000    0.00925    0.00468    0.00917    0.00464   
