# DetSpace [F-lamb],  MS w/o Corr [uK^-2 s^-1],  MS w/ Corr [uK^-2 s^-1]
0.00000    0.00000    0.00000    0.00000    0.00000   
0.05000    0.00010    0.00027    0.00000    0.00000   
0.10000    0.00038    0.00105    0.00001    0.00003   
0.15000    0.00078    0.00220    0.00003    0.00012   
0.20000    0.00125    0.00359    0.00009    0.00036   
0.25000    0.00172    0.00505    0.00018    0.00076   
0.30000    0.00215    0.00647    0.00031    0.00130   
0.35000    0.00252    0.00776    0.00048    0.00204   
0.40000    0.00282    0.00888    0.00069    0.00294   
0.45000    0.00305    0.00981    0.00087    0.00373   
0.50000    0.00320    0.01055    0.00114    0.00480   
0.55000    0.00330    0.01112    0.00141    0.00587   
0.60000    0.00335    0.01154    0.00167    0.00690   
0.65000    0.00336    0.01181    0.00187    0.00770   
0.70000    0.00333    0.01197    0.00205    0.00839   
0.75000    0.00328    0.01202    0.00214    0.00880   
0.80000    0.00321    0.01199    0.00222    0.00917   
0.85000    0.00312    0.01190    0.00229    0.00947   
0.90000    0.00303    0.01175    0.00236    0.00978   
0.95000    0.00292    0.01155    0.00242    0.01004   
1.00000    0.00282    0.01132    0.00250    0.01035   
1.05000    0.00271    0.01106    0.00250    0.01041   
1.10000    0.00260    0.01078    0.00248    0.01040   
1.15000    0.00249    0.01049    0.00242    0.01027   
1.20000    0.00238    0.01018    0.00235    0.01010   
1.25000    0.00228    0.00987    0.00227    0.00985   
1.30000    0.00217    0.00956    0.00216    0.00952   
1.35000    0.00208    0.00925    0.00205    0.00915   
1.40000    0.00198    0.00894    0.00193    0.00876   
1.45000    0.00189    0.00864    0.00182    0.00836   
1.50000    0.00180    0.00833    0.00171    0.00800   
1.55000    0.00172    0.00804    0.00162    0.00765   
1.60000    0.00164    0.00775    0.00154    0.00734   
1.65000    0.00157    0.00747    0.00146    0.00707   
1.70000    0.00149    0.00720    0.00140    0.00682   
1.75000    0.00143    0.00694    0.00135    0.00661   
1.80000    0.00136    0.00669    0.00130    0.00641   
1.85000    0.00130    0.00644    0.00125    0.00621   
1.90000    0.00124    0.00620    0.00120    0.00603   
1.95000    0.00119    0.00598    0.00116    0.00584   
2.00000    0.00114    0.00576    0.00114    0.00576   
2.05000    0.00109    0.00555    0.00109    0.00555   
2.10000    0.00104    0.00534    0.00104    0.00534   
2.15000    0.00100    0.00515    0.00100    0.00515   
2.20000    0.00096    0.00496    0.00096    0.00496   
2.25000    0.00092    0.00479    0.00092    0.00479   
2.30000    0.00088    0.00462    0.00088    0.00462   
2.35000    0.00084    0.00445    0.00084    0.00445   
2.40000    0.00081    0.00429    0.00081    0.00429   
2.45000    0.00078    0.00414    0.00078    0.00414   
2.50000    0.00075    0.00400    0.00075    0.00400   
2.55000    0.00072    0.00386    0.00072    0.00386   
2.60000    0.00070    0.00373    0.00070    0.00373   
2.65000    0.00067    0.00360    0.00067    0.00360   
2.70000    0.00065    0.00348    0.00065    0.00348   
2.75000    0.00062    0.00337    0.00062    0.00337   
2.80000    0.00060    0.00326    0.00060    0.00326   
2.85000    0.00058    0.00315    0.00058    0.00315   
2.90000    0.00056    0.00305    0.00056    0.00305   
2.95000    0.00054    0.00295    0.00054    0.00295   
3.00000    0.00052    0.00286    0.00052    0.00286   
