# DetSpace [F-lamb],  MS w/o Corr [uK^-2 s^-1],  MS w/ Corr [uK^-2 s^-1]
0.00000    0.00000    0.00000    0.00000    0.00000   
0.05000    0.03188    0.00790    0.00955    0.00240   
0.10000    0.03360    0.00792    0.01112    0.00256   
0.15000    0.03371    0.00787    0.01185    0.00269   
0.20000    0.03348    0.00778    0.01289    0.00291   
0.25000    0.03309    0.00768    0.01364    0.00308   
0.30000    0.03258    0.00755    0.01416    0.00319   
0.35000    0.03198    0.00741    0.01507    0.00340   
0.40000    0.03131    0.00725    0.01611    0.00364   
0.45000    0.03057    0.00707    0.01648    0.00373   
0.50000    0.02979    0.00689    0.01755    0.00398   
0.55000    0.02896    0.00669    0.01860    0.00422   
0.60000    0.02809    0.00649    0.01948    0.00443   
0.65000    0.02721    0.00628    0.01986    0.00453   
0.70000    0.02631    0.00607    0.02001    0.00457   
0.75000    0.02540    0.00586    0.01991    0.00455   
0.80000    0.02449    0.00565    0.01981    0.00453   
0.85000    0.02359    0.00544    0.01962    0.00449   
0.90000    0.02269    0.00523    0.01947    0.00446   
0.95000    0.02181    0.00502    0.01935    0.00443   
1.00000    0.02095    0.00482    0.01920    0.00440   
1.05000    0.02011    0.00463    0.01898    0.00436   
1.10000    0.01929    0.00444    0.01865    0.00428   
1.15000    0.01850    0.00426    0.01811    0.00416   
1.20000    0.01773    0.00408    0.01756    0.00404   
1.25000    0.01699    0.00391    0.01687    0.00388   
1.30000    0.01627    0.00374    0.01611    0.00370   
1.35000    0.01558    0.00358    0.01530    0.00352   
1.40000    0.01493    0.00343    0.01452    0.00333   
1.45000    0.01429    0.00329    0.01378    0.00316   
1.50000    0.01369    0.00315    0.01311    0.00301   
1.55000    0.01311    0.00301    0.01249    0.00287   
1.60000    0.01255    0.00289    0.01194    0.00274   
1.65000    0.01203    0.00276    0.01144    0.00262   
1.70000    0.01152    0.00265    0.01097    0.00252   
1.75000    0.01104    0.00254    0.01056    0.00242   
1.80000    0.01058    0.00243    0.01017    0.00233   
1.85000    0.01014    0.00233    0.00979    0.00225   
1.90000    0.00973    0.00224    0.00944    0.00217   
1.95000    0.00933    0.00215    0.00911    0.00209   
2.00000    0.00895    0.00206    0.00882    0.00203   
2.05000    0.00859    0.00198    0.00850    0.00195   
2.10000    0.00825    0.00190    0.00819    0.00188   
2.15000    0.00793    0.00182    0.00788    0.00181   
2.20000    0.00762    0.00175    0.00758    0.00174   
2.25000    0.00732    0.00169    0.00730    0.00168   
2.30000    0.00704    0.00162    0.00702    0.00162   
2.35000    0.00678    0.00156    0.00676    0.00155   
2.40000    0.00652    0.00150    0.00650    0.00150   
2.45000    0.00628    0.00145    0.00625    0.00144   
2.50000    0.00605    0.00139    0.00601    0.00138   
2.55000    0.00583    0.00134    0.00579    0.00133   
2.60000    0.00562    0.00129    0.00558    0.00128   
2.65000    0.00542    0.00125    0.00537    0.00124   
2.70000    0.00523    0.00121    0.00517    0.00119   
2.75000    0.00505    0.00116    0.00499    0.00115   
2.80000    0.00488    0.00112    0.00482    0.00111   
2.85000    0.00472    0.00109    0.00466    0.00107   
2.90000    0.00456    0.00105    0.00451    0.00104   
2.95000    0.00441    0.00102    0.00437    0.00101   
3.00000    0.00427    0.00098    0.00423    0.00097   
