# DetSpace [F-lamb],  MS w/o Corr [uK^-2 s^-1],  MS w/ Corr [uK^-2 s^-1]
0.00000    0.00000    0.00000    0.00000    0.00000   
0.05000    0.02245    0.00589    0.00680    0.00174   
0.10000    0.02368    0.00590    0.00793    0.00186   
0.15000    0.02377    0.00586    0.00845    0.00195   
0.20000    0.02361    0.00580    0.00918    0.00212   
0.25000    0.02334    0.00572    0.00972    0.00224   
0.30000    0.02299    0.00562    0.01009    0.00233   
0.35000    0.02258    0.00551    0.01073    0.00248   
0.40000    0.02211    0.00539    0.01147    0.00266   
0.45000    0.02160    0.00525    0.01173    0.00272   
0.50000    0.02106    0.00511    0.01248    0.00291   
0.55000    0.02048    0.00496    0.01322    0.00309   
0.60000    0.01988    0.00481    0.01384    0.00325   
0.65000    0.01927    0.00465    0.01412    0.00332   
0.70000    0.01864    0.00449    0.01422    0.00335   
0.75000    0.01801    0.00433    0.01415    0.00334   
0.80000    0.01738    0.00417    0.01408    0.00332   
0.85000    0.01674    0.00401    0.01396    0.00329   
0.90000    0.01612    0.00385    0.01385    0.00327   
0.95000    0.01550    0.00370    0.01377    0.00325   
1.00000    0.01490    0.00355    0.01366    0.00323   
1.05000    0.01431    0.00340    0.01351    0.00320   
1.10000    0.01374    0.00326    0.01328    0.00314   
1.15000    0.01318    0.00312    0.01290    0.00305   
1.20000    0.01264    0.00299    0.01252    0.00296   
1.25000    0.01212    0.00286    0.01203    0.00284   
1.30000    0.01161    0.00274    0.01150    0.00271   
1.35000    0.01113    0.00262    0.01093    0.00257   
1.40000    0.01066    0.00251    0.01037    0.00243   
1.45000    0.01022    0.00240    0.00985    0.00231   
1.50000    0.00979    0.00230    0.00938    0.00219   
1.55000    0.00938    0.00220    0.00894    0.00209   
1.60000    0.00899    0.00210    0.00855    0.00199   
1.65000    0.00861    0.00201    0.00819    0.00191   
1.70000    0.00825    0.00193    0.00786    0.00183   
1.75000    0.00791    0.00185    0.00757    0.00176   
1.80000    0.00759    0.00177    0.00729    0.00170   
1.85000    0.00728    0.00170    0.00702    0.00163   
1.90000    0.00698    0.00163    0.00677    0.00157   
1.95000    0.00670    0.00156    0.00654    0.00152   
2.00000    0.00643    0.00150    0.00633    0.00147   
2.05000    0.00617    0.00143    0.00611    0.00142   
2.10000    0.00593    0.00138    0.00588    0.00137   
2.15000    0.00570    0.00132    0.00566    0.00131   
2.20000    0.00548    0.00127    0.00545    0.00126   
2.25000    0.00527    0.00122    0.00525    0.00122   
2.30000    0.00507    0.00117    0.00505    0.00117   
2.35000    0.00487    0.00113    0.00486    0.00113   
2.40000    0.00469    0.00109    0.00468    0.00108   
2.45000    0.00452    0.00105    0.00450    0.00104   
2.50000    0.00436    0.00101    0.00433    0.00100   
2.55000    0.00420    0.00097    0.00417    0.00097   
2.60000    0.00405    0.00094    0.00402    0.00093   
2.65000    0.00391    0.00090    0.00387    0.00089   
2.70000    0.00377    0.00087    0.00372    0.00086   
2.75000    0.00364    0.00084    0.00359    0.00083   
2.80000    0.00352    0.00081    0.00347    0.00080   
2.85000    0.00340    0.00079    0.00336    0.00078   
2.90000    0.00329    0.00076    0.00325    0.00075   
2.95000    0.00318    0.00073    0.00315    0.00073   
3.00000    0.00308    0.00071    0.00305    0.00070   
