# DetSpace [F-lamb],  MS w/o Corr [uK^-2 s^-1],  MS w/ Corr [uK^-2 s^-1]
0.00000    0.00000    0.00000    0.00000    0.00000   
0.05000    0.00009    0.00025    0.00000    0.00000   
0.10000    0.00035    0.00098    0.00001    0.00002   
0.15000    0.00073    0.00206    0.00003    0.00012   
0.20000    0.00117    0.00336    0.00008    0.00034   
0.25000    0.00162    0.00475    0.00017    0.00072   
0.30000    0.00203    0.00609    0.00029    0.00124   
0.35000    0.00239    0.00733    0.00046    0.00194   
0.40000    0.00268    0.00840    0.00066    0.00280   
0.45000    0.00290    0.00931    0.00084    0.00356   
0.50000    0.00306    0.01003    0.00108    0.00456   
0.55000    0.00316    0.01060    0.00135    0.00561   
0.60000    0.00321    0.01101    0.00161    0.00662   
0.65000    0.00322    0.01129    0.00181    0.00739   
0.70000    0.00320    0.01145    0.00196    0.00800   
0.75000    0.00316    0.01152    0.00206    0.00844   
0.80000    0.00310    0.01151    0.00215    0.00882   
0.85000    0.00302    0.01143    0.00221    0.00911   
0.90000    0.00293    0.01130    0.00227    0.00938   
0.95000    0.00283    0.01112    0.00233    0.00963   
1.00000    0.00273    0.01091    0.00237    0.00983   
1.05000    0.00263    0.01067    0.00239    0.00997   
1.10000    0.00252    0.01041    0.00239    0.01001   
1.15000    0.00242    0.01014    0.00234    0.00989   
1.20000    0.00231    0.00985    0.00228    0.00974   
1.25000    0.00221    0.00956    0.00219    0.00949   
1.30000    0.00212    0.00927    0.00209    0.00916   
1.35000    0.00202    0.00897    0.00197    0.00878   
1.40000    0.00193    0.00867    0.00185    0.00840   
1.45000    0.00184    0.00838    0.00175    0.00804   
1.50000    0.00176    0.00809    0.00166    0.00771   
1.55000    0.00168    0.00781    0.00157    0.00740   
1.60000    0.00160    0.00754    0.00150    0.00712   
1.65000    0.00153    0.00727    0.00143    0.00687   
1.70000    0.00146    0.00701    0.00137    0.00663   
1.75000    0.00139    0.00675    0.00131    0.00642   
1.80000    0.00133    0.00651    0.00126    0.00622   
1.85000    0.00127    0.00627    0.00121    0.00602   
1.90000    0.00122    0.00604    0.00117    0.00584   
1.95000    0.00116    0.00582    0.00113    0.00567   
2.00000    0.00111    0.00561    0.00109    0.00552   
2.05000    0.00106    0.00541    0.00105    0.00534   
2.10000    0.00102    0.00521    0.00101    0.00516   
2.15000    0.00098    0.00502    0.00097    0.00499   
2.20000    0.00094    0.00484    0.00093    0.00482   
2.25000    0.00090    0.00467    0.00089    0.00465   
2.30000    0.00086    0.00450    0.00086    0.00449   
2.35000    0.00083    0.00434    0.00082    0.00433   
2.40000    0.00079    0.00419    0.00079    0.00417   
2.45000    0.00076    0.00404    0.00076    0.00402   
2.50000    0.00073    0.00390    0.00073    0.00388   
2.55000    0.00071    0.00377    0.00070    0.00374   
2.60000    0.00068    0.00364    0.00067    0.00361   
2.65000    0.00066    0.00352    0.00065    0.00348   
2.70000    0.00063    0.00340    0.00062    0.00336   
2.75000    0.00061    0.00329    0.00060    0.00324   
2.80000    0.00059    0.00318    0.00058    0.00313   
2.85000    0.00057    0.00308    0.00056    0.00303   
2.90000    0.00055    0.00298    0.00054    0.00294   
2.95000    0.00053    0.00288    0.00052    0.00285   
3.00000    0.00051    0.00279    0.00051    0.00277   
