# DetSpace [F-lamb],  MS w/o Corr [uK^-2 s^-1],  MS w/ Corr [uK^-2 s^-1]
0.00000    0.00000    0.00000    0.00000    0.00000   
0.05000    0.00007    0.00018    0.00000    0.00000   
0.10000    0.00025    0.00071    0.00000    0.00002   
0.15000    0.00052    0.00149    0.00002    0.00008   
0.20000    0.00084    0.00243    0.00006    0.00024   
0.25000    0.00116    0.00342    0.00012    0.00052   
0.30000    0.00146    0.00439    0.00021    0.00089   
0.35000    0.00171    0.00528    0.00033    0.00140   
0.40000    0.00192    0.00606    0.00047    0.00201   
0.45000    0.00208    0.00671    0.00060    0.00256   
0.50000    0.00219    0.00723    0.00078    0.00328   
0.55000    0.00226    0.00763    0.00097    0.00404   
0.60000    0.00230    0.00793    0.00115    0.00476   
0.65000    0.00231    0.00813    0.00129    0.00532   
0.70000    0.00230    0.00825    0.00140    0.00576   
0.75000    0.00227    0.00830    0.00148    0.00607   
0.80000    0.00222    0.00829    0.00154    0.00635   
0.85000    0.00216    0.00823    0.00159    0.00656   
0.90000    0.00210    0.00813    0.00163    0.00675   
0.95000    0.00203    0.00801    0.00167    0.00693   
1.00000    0.00196    0.00785    0.00170    0.00708   
1.05000    0.00188    0.00768    0.00172    0.00717   
1.10000    0.00181    0.00749    0.00171    0.00720   
1.15000    0.00173    0.00730    0.00168    0.00712   
1.20000    0.00166    0.00709    0.00164    0.00701   
1.25000    0.00159    0.00688    0.00157    0.00682   
1.30000    0.00152    0.00667    0.00150    0.00659   
1.35000    0.00145    0.00645    0.00141    0.00632   
1.40000    0.00138    0.00624    0.00133    0.00604   
1.45000    0.00132    0.00603    0.00125    0.00578   
1.50000    0.00126    0.00582    0.00119    0.00555   
1.55000    0.00120    0.00562    0.00113    0.00532   
1.60000    0.00115    0.00542    0.00107    0.00512   
1.65000    0.00110    0.00523    0.00102    0.00494   
1.70000    0.00105    0.00504    0.00098    0.00477   
1.75000    0.00100    0.00486    0.00094    0.00462   
1.80000    0.00095    0.00468    0.00090    0.00447   
1.85000    0.00091    0.00451    0.00087    0.00433   
1.90000    0.00087    0.00435    0.00084    0.00420   
1.95000    0.00083    0.00419    0.00081    0.00407   
2.00000    0.00080    0.00403    0.00078    0.00397   
2.05000    0.00076    0.00389    0.00075    0.00384   
2.10000    0.00073    0.00375    0.00072    0.00371   
2.15000    0.00070    0.00361    0.00069    0.00359   
2.20000    0.00067    0.00348    0.00067    0.00346   
2.25000    0.00064    0.00336    0.00064    0.00334   
2.30000    0.00062    0.00324    0.00061    0.00323   
2.35000    0.00059    0.00312    0.00059    0.00311   
2.40000    0.00057    0.00301    0.00057    0.00300   
2.45000    0.00055    0.00291    0.00054    0.00289   
2.50000    0.00053    0.00281    0.00052    0.00279   
2.55000    0.00051    0.00271    0.00050    0.00269   
2.60000    0.00049    0.00262    0.00048    0.00259   
2.65000    0.00047    0.00253    0.00046    0.00250   
2.70000    0.00045    0.00245    0.00045    0.00241   
2.75000    0.00044    0.00237    0.00043    0.00233   
2.80000    0.00042    0.00229    0.00041    0.00225   
2.85000    0.00041    0.00221    0.00040    0.00218   
2.90000    0.00039    0.00214    0.00039    0.00211   
2.95000    0.00038    0.00207    0.00038    0.00205   
3.00000    0.00037    0.00201    0.00036    0.00199   
