# DetSpace [F-lamb],  MS w/o Corr [uK^-2 s^-1],  MS w/ Corr [uK^-2 s^-1]
0.00000    0.00000    0.00000    0.00000    0.00000   
0.05000    0.00809    0.02266    0.00028    0.00355   
0.10000    0.02641    0.04640    0.00306    0.01405   
0.15000    0.04537    0.05733    0.00908    0.02129   
0.20000    0.06037    0.06215    0.01695    0.02648   
0.25000    0.07089    0.06427    0.02432    0.02983   
0.30000    0.07783    0.06505    0.03034    0.03202   
0.35000    0.08216    0.06509    0.03638    0.03460   
0.40000    0.08462    0.06465    0.04215    0.03722   
0.45000    0.08575    0.06390    0.04553    0.03832   
0.50000    0.08591    0.06291    0.05043    0.04072   
0.55000    0.08536    0.06175    0.05500    0.04300   
0.60000    0.08428    0.06047    0.05883    0.04487   
0.65000    0.08281    0.05908    0.06096    0.04572   
0.70000    0.08104    0.05761    0.06220    0.04609   
0.75000    0.07906    0.05609    0.06255    0.04597   
0.80000    0.07692    0.05452    0.06276    0.04582   
0.85000    0.07467    0.05293    0.06263    0.04550   
0.90000    0.07234    0.05133    0.06250    0.04523   
0.95000    0.06998    0.04972    0.06243    0.04502   
1.00000    0.06760    0.04812    0.06221    0.04475   
1.05000    0.06522    0.04653    0.06174    0.04434   
1.10000    0.06287    0.04496    0.06088    0.04370   
1.15000    0.06054    0.04341    0.05934    0.04265   
1.20000    0.05826    0.04190    0.05773    0.04156   
1.25000    0.05604    0.04042    0.05568    0.04018   
1.30000    0.05387    0.03897    0.05338    0.03865   
1.35000    0.05177    0.03756    0.05088    0.03698   
1.40000    0.04973    0.03619    0.04843    0.03533   
1.45000    0.04776    0.03487    0.04612    0.03377   
1.50000    0.04586    0.03358    0.04402    0.03235   
1.55000    0.04403    0.03234    0.04206    0.03100   
1.60000    0.04227    0.03114    0.04029    0.02979   
1.65000    0.04058    0.02999    0.03869    0.02869   
1.70000    0.03896    0.02887    0.03719    0.02764   
1.75000    0.03740    0.02780    0.03583    0.02670   
1.80000    0.03591    0.02677    0.03456    0.02582   
1.85000    0.03449    0.02578    0.03333    0.02496   
1.90000    0.03313    0.02483    0.03219    0.02416   
1.95000    0.03182    0.02391    0.03109    0.02339   
2.00000    0.03058    0.02304    0.03015    0.02273   
2.05000    0.02939    0.02220    0.02909    0.02198   
2.10000    0.02826    0.02139    0.02803    0.02123   
2.15000    0.02717    0.02062    0.02701    0.02050   
2.20000    0.02614    0.01987    0.02602    0.01979   
2.25000    0.02515    0.01916    0.02506    0.01910   
2.30000    0.02421    0.01848    0.02414    0.01843   
2.35000    0.02331    0.01783    0.02325    0.01778   
2.40000    0.02246    0.01721    0.02237    0.01715   
2.45000    0.02164    0.01661    0.02154    0.01654   
2.50000    0.02086    0.01604    0.02074    0.01595   
2.55000    0.02012    0.01549    0.02000    0.01540   
2.60000    0.01941    0.01497    0.01925    0.01485   
2.65000    0.01873    0.01447    0.01854    0.01432   
2.70000    0.01809    0.01399    0.01788    0.01383   
2.75000    0.01747    0.01353    0.01725    0.01336   
2.80000    0.01688    0.01308    0.01667    0.01292   
2.85000    0.01632    0.01266    0.01612    0.01251   
2.90000    0.01579    0.01226    0.01561    0.01212   
2.95000    0.01527    0.01187    0.01512    0.01175   
3.00000    0.01479    0.01150    0.01466    0.01140   
