# DetSpace [F-lamb],  MS w/o Corr [uK^-2 s^-1],  MS w/ Corr [uK^-2 s^-1]
0.00000    0.00000    0.00000    0.00000    0.00000   
0.05000    0.02145    0.00564    0.00668    0.00172   
0.10000    0.02267    0.00565    0.00780    0.00184   
0.15000    0.02276    0.00561    0.00831    0.00193   
0.20000    0.02262    0.00556    0.00903    0.00208   
0.25000    0.02237    0.00548    0.00954    0.00220   
0.30000    0.02205    0.00539    0.00990    0.00229   
0.35000    0.02166    0.00529    0.01052    0.00243   
0.40000    0.02122    0.00517    0.01122    0.00261   
0.45000    0.02075    0.00504    0.01147    0.00267   
0.50000    0.02023    0.00491    0.01219    0.00284   
0.55000    0.01969    0.00477    0.01289    0.00302   
0.60000    0.01913    0.00462    0.01347    0.00317   
0.65000    0.01854    0.00448    0.01372    0.00323   
0.70000    0.01795    0.00432    0.01382    0.00326   
0.75000    0.01735    0.00417    0.01375    0.00324   
0.80000    0.01675    0.00402    0.01367    0.00323   
0.85000    0.01615    0.00387    0.01354    0.00320   
0.90000    0.01556    0.00372    0.01343    0.00317   
0.95000    0.01497    0.00357    0.01335    0.00316   
1.00000    0.01440    0.00343    0.01324    0.00313   
1.05000    0.01384    0.00329    0.01309    0.00310   
1.10000    0.01329    0.00315    0.01286    0.00305   
1.15000    0.01275    0.00302    0.01250    0.00296   
1.20000    0.01224    0.00290    0.01212    0.00287   
1.25000    0.01174    0.00277    0.01166    0.00275   
1.30000    0.01125    0.00266    0.01115    0.00263   
1.35000    0.01079    0.00254    0.01060    0.00249   
1.40000    0.01034    0.00243    0.01007    0.00236   
1.45000    0.00991    0.00233    0.00956    0.00224   
1.50000    0.00950    0.00223    0.00911    0.00213   
1.55000    0.00910    0.00213    0.00869    0.00203   
1.60000    0.00873    0.00204    0.00831    0.00194   
1.65000    0.00836    0.00196    0.00797    0.00186   
1.70000    0.00802    0.00187    0.00765    0.00178   
1.75000    0.00769    0.00180    0.00736    0.00172   
1.80000    0.00737    0.00172    0.00709    0.00165   
1.85000    0.00707    0.00165    0.00683    0.00159   
1.90000    0.00679    0.00158    0.00659    0.00153   
1.95000    0.00651    0.00152    0.00636    0.00148   
2.00000    0.00625    0.00146    0.00616    0.00143   
2.05000    0.00601    0.00140    0.00594    0.00138   
2.10000    0.00577    0.00134    0.00572    0.00133   
2.15000    0.00554    0.00129    0.00551    0.00128   
2.20000    0.00533    0.00124    0.00531    0.00123   
2.25000    0.00512    0.00119    0.00511    0.00119   
2.30000    0.00493    0.00114    0.00492    0.00114   
2.35000    0.00474    0.00110    0.00473    0.00110   
2.40000    0.00457    0.00106    0.00455    0.00105   
2.45000    0.00440    0.00102    0.00438    0.00101   
2.50000    0.00424    0.00098    0.00421    0.00098   
2.55000    0.00409    0.00095    0.00406    0.00094   
2.60000    0.00394    0.00091    0.00391    0.00091   
2.65000    0.00380    0.00088    0.00376    0.00087   
2.70000    0.00367    0.00085    0.00363    0.00084   
2.75000    0.00355    0.00082    0.00350    0.00081   
2.80000    0.00343    0.00079    0.00338    0.00078   
2.85000    0.00331    0.00077    0.00327    0.00076   
2.90000    0.00320    0.00074    0.00317    0.00073   
2.95000    0.00310    0.00072    0.00307    0.00071   
3.00000    0.00300    0.00069    0.00297    0.00069   
