# DetSpace [F-lamb],  MS w/o Corr [uK^-2 s^-1],  MS w/ Corr [uK^-2 s^-1]
0.00000    0.00000    0.00000    0.00000    0.00000   
0.05000    0.03592    0.02914    0.00529    0.01200   
0.10000    0.06791    0.03129    0.01842    0.01417   
0.15000    0.08088    0.03160    0.02652    0.01503   
0.20000    0.08607    0.03155    0.03242    0.01612   
0.25000    0.08801    0.03136    0.03625    0.01688   
0.30000    0.08836    0.03108    0.03880    0.01740   
0.35000    0.08781    0.03073    0.04200    0.01826   
0.40000    0.08668    0.03033    0.04537    0.01921   
0.45000    0.08516    0.02989    0.04674    0.01954   
0.50000    0.08335    0.02939    0.04996    0.02047   
0.55000    0.08132    0.02887    0.05307    0.02136   
0.60000    0.07915    0.02831    0.05564    0.02208   
0.65000    0.07685    0.02772    0.05680    0.02238   
0.70000    0.07448    0.02711    0.05727    0.02249   
0.75000    0.07206    0.02648    0.05705    0.02240   
0.80000    0.06961    0.02584    0.05679    0.02231   
0.85000    0.06715    0.02518    0.05629    0.02216   
0.90000    0.06471    0.02452    0.05587    0.02202   
0.95000    0.06229    0.02386    0.05553    0.02192   
1.00000    0.05991    0.02319    0.05510    0.02179   
1.05000    0.05757    0.02252    0.05447    0.02161   
1.10000    0.05529    0.02186    0.05353    0.02133   
1.15000    0.05307    0.02121    0.05201    0.02088   
1.20000    0.05092    0.02056    0.05045    0.02041   
1.25000    0.04884    0.01992    0.04852    0.01982   
1.30000    0.04683    0.01929    0.04639    0.01915   
1.35000    0.04489    0.01868    0.04411    0.01842   
1.40000    0.04302    0.01808    0.04189    0.01770   
1.45000    0.04123    0.01749    0.03980    0.01700   
1.50000    0.03951    0.01692    0.03792    0.01636   
1.55000    0.03786    0.01636    0.03615    0.01575   
1.60000    0.03628    0.01582    0.03457    0.01520   
1.65000    0.03478    0.01529    0.03315    0.01469   
1.70000    0.03333    0.01478    0.03181    0.01421   
1.75000    0.03196    0.01429    0.03060    0.01377   
1.80000    0.03064    0.01381    0.02948    0.01336   
1.85000    0.02939    0.01335    0.02840    0.01295   
1.90000    0.02819    0.01290    0.02739    0.01258   
1.95000    0.02705    0.01247    0.02643    0.01221   
2.00000    0.02597    0.01205    0.02560    0.01190   
2.05000    0.02493    0.01165    0.02468    0.01154   
2.10000    0.02395    0.01126    0.02376    0.01118   
2.15000    0.02301    0.01088    0.02287    0.01082   
2.20000    0.02212    0.01052    0.02202    0.01048   
2.25000    0.02127    0.01017    0.02119    0.01014   
2.30000    0.02046    0.00984    0.02040    0.00981   
2.35000    0.01968    0.00952    0.01963    0.00949   
2.40000    0.01895    0.00921    0.01888    0.00918   
2.45000    0.01825    0.00891    0.01817    0.00887   
2.50000    0.01758    0.00862    0.01748    0.00857   
2.55000    0.01695    0.00835    0.01685    0.00830   
2.60000    0.01634    0.00808    0.01621    0.00802   
2.65000    0.01577    0.00782    0.01561    0.00775   
2.70000    0.01522    0.00758    0.01504    0.00749   
2.75000    0.01469    0.00734    0.01451    0.00725   
2.80000    0.01420    0.00711    0.01402    0.00703   
2.85000    0.01372    0.00690    0.01355    0.00682   
2.90000    0.01327    0.00669    0.01312    0.00661   
2.95000    0.01283    0.00648    0.01270    0.00642   
3.00000    0.01242    0.00629    0.01231    0.00624   
