# DetSpace [F-lamb],  MS w/o Corr [uK^-2 s^-1],  MS w/ Corr [uK^-2 s^-1]
0.00000    0.00000    0.00000    0.00000    0.00000   
0.05000    0.00602    0.01687    0.00021    0.00264   
0.10000    0.01967    0.03455    0.00228    0.01046   
0.15000    0.03379    0.04269    0.00676    0.01585   
0.20000    0.04495    0.04628    0.01262    0.01972   
0.25000    0.05279    0.04786    0.01811    0.02221   
0.30000    0.05796    0.04845    0.02260    0.02385   
0.35000    0.06118    0.04847    0.02709    0.02577   
0.40000    0.06301    0.04815    0.03139    0.02772   
0.45000    0.06385    0.04758    0.03390    0.02854   
0.50000    0.06398    0.04685    0.03755    0.03032   
0.55000    0.06357    0.04599    0.04096    0.03202   
0.60000    0.06276    0.04503    0.04381    0.03341   
0.65000    0.06167    0.04399    0.04539    0.03405   
0.70000    0.06035    0.04290    0.04632    0.03432   
0.75000    0.05888    0.04177    0.04658    0.03424   
0.80000    0.05728    0.04060    0.04674    0.03412   
0.85000    0.05560    0.03942    0.04664    0.03389   
0.90000    0.05387    0.03822    0.04655    0.03368   
0.95000    0.05211    0.03703    0.04649    0.03353   
1.00000    0.05034    0.03583    0.04633    0.03333   
1.05000    0.04857    0.03465    0.04597    0.03302   
1.10000    0.04682    0.03348    0.04533    0.03254   
1.15000    0.04509    0.03233    0.04419    0.03176   
1.20000    0.04339    0.03120    0.04299    0.03095   
1.25000    0.04173    0.03010    0.04146    0.02992   
1.30000    0.04012    0.02902    0.03975    0.02878   
1.35000    0.03855    0.02797    0.03789    0.02754   
1.40000    0.03703    0.02695    0.03607    0.02631   
1.45000    0.03556    0.02597    0.03434    0.02515   
1.50000    0.03415    0.02501    0.03278    0.02409   
1.55000    0.03279    0.02408    0.03132    0.02309   
1.60000    0.03148    0.02319    0.03000    0.02218   
1.65000    0.03022    0.02233    0.02881    0.02136   
1.70000    0.02901    0.02150    0.02769    0.02059   
1.75000    0.02785    0.02070    0.02668    0.01989   
1.80000    0.02674    0.01994    0.02573    0.01923   
1.85000    0.02568    0.01920    0.02482    0.01859   
1.90000    0.02467    0.01849    0.02397    0.01799   
1.95000    0.02370    0.01781    0.02315    0.01742   
2.00000    0.02277    0.01716    0.02245    0.01692   
2.05000    0.02189    0.01653    0.02166    0.01637   
2.10000    0.02104    0.01593    0.02088    0.01581   
2.15000    0.02023    0.01535    0.02012    0.01526   
2.20000    0.01946    0.01480    0.01938    0.01474   
2.25000    0.01873    0.01427    0.01866    0.01422   
2.30000    0.01803    0.01376    0.01798    0.01373   
2.35000    0.01736    0.01328    0.01731    0.01324   
2.40000    0.01672    0.01282    0.01666    0.01277   
2.45000    0.01612    0.01237    0.01604    0.01232   
2.50000    0.01554    0.01194    0.01544    0.01187   
2.55000    0.01498    0.01154    0.01489    0.01147   
2.60000    0.01445    0.01115    0.01434    0.01106   
2.65000    0.01395    0.01077    0.01381    0.01067   
2.70000    0.01347    0.01041    0.01331    0.01030   
2.75000    0.01301    0.01007    0.01285    0.00995   
2.80000    0.01257    0.00974    0.01241    0.00962   
2.85000    0.01216    0.00943    0.01201    0.00932   
2.90000    0.01176    0.00913    0.01162    0.00903   
2.95000    0.01137    0.00884    0.01126    0.00875   
3.00000    0.01101    0.00856    0.01092    0.00849   
