# DetSpace [F-lamb],  MS w/o Corr [uK^-2 s^-1],  MS w/ Corr [uK^-2 s^-1]
0.00000    0.00000    0.00000    0.00000    0.00000   
0.05000    0.03047    0.00756    0.00939    0.00237   
0.10000    0.03216    0.00758    0.01095    0.00253   
0.15000    0.03228    0.00753    0.01166    0.00265   
0.20000    0.03207    0.00746    0.01267    0.00286   
0.25000    0.03171    0.00736    0.01340    0.00302   
0.30000    0.03124    0.00724    0.01390    0.00314   
0.35000    0.03068    0.00711    0.01477    0.00334   
0.40000    0.03005    0.00696    0.01577    0.00357   
0.45000    0.02936    0.00679    0.01612    0.00365   
0.50000    0.02862    0.00662    0.01714    0.00389   
0.55000    0.02783    0.00643    0.01813    0.00412   
0.60000    0.02702    0.00624    0.01896    0.00432   
0.65000    0.02619    0.00605    0.01931    0.00440   
0.70000    0.02533    0.00585    0.01944    0.00444   
0.75000    0.02448    0.00565    0.01934    0.00442   
0.80000    0.02361    0.00545    0.01923    0.00440   
0.85000    0.02276    0.00525    0.01904    0.00436   
0.90000    0.02191    0.00505    0.01888    0.00432   
0.95000    0.02107    0.00485    0.01876    0.00430   
1.00000    0.02025    0.00466    0.01861    0.00427   
1.05000    0.01944    0.00448    0.01838    0.00422   
1.10000    0.01866    0.00430    0.01806    0.00415   
1.15000    0.01790    0.00412    0.01754    0.00403   
1.20000    0.01717    0.00395    0.01700    0.00391   
1.25000    0.01645    0.00379    0.01635    0.00376   
1.30000    0.01577    0.00363    0.01562    0.00359   
1.35000    0.01511    0.00348    0.01484    0.00341   
1.40000    0.01447    0.00333    0.01409    0.00324   
1.45000    0.01387    0.00319    0.01338    0.00307   
1.50000    0.01328    0.00305    0.01274    0.00293   
1.55000    0.01272    0.00293    0.01215    0.00279   
1.60000    0.01219    0.00280    0.01161    0.00266   
1.65000    0.01168    0.00269    0.01113    0.00255   
1.70000    0.01119    0.00257    0.01068    0.00245   
1.75000    0.01073    0.00247    0.01027    0.00236   
1.80000    0.01028    0.00237    0.00989    0.00227   
1.85000    0.00986    0.00227    0.00952    0.00219   
1.90000    0.00946    0.00218    0.00919    0.00211   
1.95000    0.00907    0.00209    0.00886    0.00204   
2.00000    0.00871    0.00200    0.00858    0.00197   
2.05000    0.00836    0.00192    0.00827    0.00190   
2.10000    0.00803    0.00185    0.00796    0.00183   
2.15000    0.00771    0.00178    0.00767    0.00176   
2.20000    0.00741    0.00171    0.00738    0.00170   
2.25000    0.00713    0.00164    0.00710    0.00163   
2.30000    0.00685    0.00158    0.00683    0.00157   
2.35000    0.00659    0.00152    0.00658    0.00151   
2.40000    0.00635    0.00146    0.00632    0.00146   
2.45000    0.00611    0.00141    0.00608    0.00140   
2.50000    0.00589    0.00136    0.00585    0.00135   
2.55000    0.00568    0.00131    0.00564    0.00130   
2.60000    0.00547    0.00126    0.00543    0.00125   
2.65000    0.00528    0.00122    0.00523    0.00120   
2.70000    0.00510    0.00117    0.00504    0.00116   
2.75000    0.00492    0.00113    0.00486    0.00112   
2.80000    0.00475    0.00110    0.00469    0.00108   
2.85000    0.00459    0.00106    0.00454    0.00105   
2.90000    0.00444    0.00102    0.00439    0.00101   
2.95000    0.00430    0.00099    0.00425    0.00098   
3.00000    0.00416    0.00096    0.00412    0.00095   
