# DetSpace [F-lamb],  MS w/o Corr [uK^-2 s^-1],  MS w/ Corr [uK^-2 s^-1]
0.00000    0.00000    0.00000    0.00000    0.00000   
0.05000    0.00012    0.00034    0.00000    0.00000   
0.10000    0.00047    0.00131    0.00001    0.00003   
0.15000    0.00098    0.00277    0.00004    0.00016   
0.20000    0.00157    0.00452    0.00011    0.00046   
0.25000    0.00218    0.00637    0.00023    0.00097   
0.30000    0.00273    0.00818    0.00039    0.00166   
0.35000    0.00321    0.00984    0.00061    0.00260   
0.40000    0.00360    0.01129    0.00089    0.00375   
0.45000    0.00389    0.01250    0.00113    0.00478   
0.50000    0.00411    0.01347    0.00146    0.00613   
0.55000    0.00424    0.01423    0.00181    0.00754   
0.60000    0.00431    0.01478    0.00216    0.00888   
0.65000    0.00433    0.01516    0.00242    0.00992   
0.70000    0.00430    0.01538    0.00263    0.01074   
0.75000    0.00424    0.01547    0.00277    0.01133   
0.80000    0.00416    0.01546    0.00289    0.01184   
0.85000    0.00405    0.01535    0.00297    0.01223   
0.90000    0.00393    0.01518    0.00305    0.01259   
0.95000    0.00380    0.01494    0.00312    0.01293   
1.00000    0.00367    0.01465    0.00318    0.01320   
1.05000    0.00353    0.01433    0.00322    0.01338   
1.10000    0.00339    0.01398    0.00321    0.01344   
1.15000    0.00325    0.01361    0.00314    0.01328   
1.20000    0.00311    0.01323    0.00306    0.01308   
1.25000    0.00297    0.01284    0.00294    0.01274   
1.30000    0.00284    0.01244    0.00280    0.01230   
1.35000    0.00271    0.01204    0.00264    0.01180   
1.40000    0.00259    0.01165    0.00249    0.01128   
1.45000    0.00247    0.01126    0.00235    0.01080   
1.50000    0.00236    0.01087    0.00222    0.01035   
1.55000    0.00225    0.01049    0.00211    0.00994   
1.60000    0.00215    0.01012    0.00201    0.00956   
1.65000    0.00205    0.00976    0.00192    0.00923   
1.70000    0.00196    0.00941    0.00184    0.00891   
1.75000    0.00187    0.00907    0.00176    0.00862   
1.80000    0.00179    0.00874    0.00169    0.00835   
1.85000    0.00171    0.00842    0.00163    0.00809   
1.90000    0.00163    0.00811    0.00157    0.00785   
1.95000    0.00156    0.00782    0.00151    0.00761   
2.00000    0.00149    0.00753    0.00146    0.00741   
2.05000    0.00143    0.00726    0.00141    0.00717   
2.10000    0.00137    0.00700    0.00135    0.00693   
2.15000    0.00131    0.00674    0.00130    0.00670   
2.20000    0.00126    0.00650    0.00125    0.00647   
2.25000    0.00120    0.00627    0.00120    0.00624   
2.30000    0.00116    0.00605    0.00115    0.00603   
2.35000    0.00111    0.00583    0.00111    0.00581   
2.40000    0.00107    0.00563    0.00106    0.00560   
2.45000    0.00102    0.00543    0.00102    0.00540   
2.50000    0.00099    0.00524    0.00098    0.00521   
2.55000    0.00095    0.00506    0.00094    0.00503   
2.60000    0.00091    0.00489    0.00090    0.00484   
2.65000    0.00088    0.00473    0.00087    0.00467   
2.70000    0.00085    0.00457    0.00084    0.00451   
2.75000    0.00082    0.00442    0.00081    0.00435   
2.80000    0.00079    0.00427    0.00078    0.00421   
2.85000    0.00076    0.00413    0.00075    0.00407   
2.90000    0.00074    0.00400    0.00073    0.00395   
2.95000    0.00071    0.00387    0.00070    0.00383   
3.00000    0.00069    0.00375    0.00068    0.00371   
