# DetSpace [F-lamb],  MS w/o Corr [uK^-2 s^-1],  MS w/ Corr [uK^-2 s^-1]
0.00000    0.00000    0.00000    0.00000    0.00000   
0.05000    0.08422    0.06389    0.01218    0.02535   
0.10000    0.15518    0.06828    0.04054    0.02976   
0.15000    0.18281    0.06886    0.05744    0.03157   
0.20000    0.19354    0.06872    0.06983    0.03392   
0.25000    0.19732    0.06827    0.07794    0.03557   
0.30000    0.19770    0.06763    0.08335    0.03670   
0.35000    0.19614    0.06685    0.09033    0.03859   
0.40000    0.19335    0.06594    0.09777    0.04070   
0.45000    0.18970    0.06493    0.10079    0.04144   
0.50000    0.18544    0.06382    0.10800    0.04352   
0.55000    0.18072    0.06263    0.11505    0.04553   
0.60000    0.17567    0.06138    0.12095    0.04716   
0.65000    0.17038    0.06006    0.12366    0.04787   
0.70000    0.16493    0.05869    0.12484    0.04814   
0.75000    0.15938    0.05729    0.12443    0.04798   
0.80000    0.15378    0.05585    0.12394    0.04781   
0.85000    0.14820    0.05440    0.12292    0.04749   
0.90000    0.14265    0.05293    0.12207    0.04723   
0.95000    0.13717    0.05145    0.12143    0.04704   
1.00000    0.13179    0.04997    0.12061    0.04679   
1.05000    0.12653    0.04850    0.11932    0.04642   
1.10000    0.12141    0.04704    0.11730    0.04584   
1.15000    0.11643    0.04560    0.11397    0.04486   
1.20000    0.11162    0.04417    0.11052    0.04384   
1.25000    0.10696    0.04277    0.10623    0.04255   
1.30000    0.10248    0.04140    0.10148    0.04108   
1.35000    0.09817    0.04005    0.09637    0.03947   
1.40000    0.09402    0.03874    0.09141    0.03788   
1.45000    0.09005    0.03746    0.08676    0.03635   
1.50000    0.08624    0.03621    0.08258    0.03495   
1.55000    0.08260    0.03500    0.07868    0.03362   
1.60000    0.07912    0.03382    0.07519    0.03242   
1.65000    0.07579    0.03268    0.07206    0.03132   
1.70000    0.07262    0.03157    0.06913    0.03028   
1.75000    0.06959    0.03050    0.06650    0.02934   
1.80000    0.06671    0.02947    0.06405    0.02845   
1.85000    0.06396    0.02846    0.06168    0.02759   
1.90000    0.06133    0.02750    0.05951    0.02678   
1.95000    0.05884    0.02657    0.05741    0.02600   
2.00000    0.05646    0.02567    0.05562    0.02533   
2.05000    0.05420    0.02480    0.05361    0.02456   
2.10000    0.05205    0.02396    0.05162    0.02379   
2.15000    0.05000    0.02316    0.04969    0.02303   
2.20000    0.04805    0.02239    0.04782    0.02229   
2.25000    0.04619    0.02164    0.04602    0.02157   
2.30000    0.04442    0.02092    0.04429    0.02086   
2.35000    0.04274    0.02023    0.04262    0.02018   
2.40000    0.04114    0.01957    0.04098    0.01950   
2.45000    0.03962    0.01893    0.03943    0.01885   
2.50000    0.03817    0.01832    0.03793    0.01821   
2.55000    0.03679    0.01773    0.03656    0.01762   
2.60000    0.03547    0.01716    0.03517    0.01702   
2.65000    0.03422    0.01661    0.03386    0.01645   
2.70000    0.03303    0.01609    0.03262    0.01590   
2.75000    0.03189    0.01559    0.03147    0.01539   
2.80000    0.03080    0.01510    0.03039    0.01491   
2.85000    0.02977    0.01464    0.02939    0.01446   
2.90000    0.02878    0.01419    0.02845    0.01403   
2.95000    0.02784    0.01376    0.02755    0.01362   
3.00000    0.02695    0.01335    0.02670    0.01323   
